['3.2%', '9.1%', '38.1%', '91.5%']
输出格式为[公司名称，网址，logo，介绍，地址]
['江门市祥哥云吞面世家餐饮管理有限公司', 0, 0, 0, 1]
['武汉市武昌区华联教育咨询中心', 0, 0, 0, 0]
['汤阴县城关精忠路敬英保健品店', 0, 0, 1, 1]
['开封中凯矿产品有限公司', 0, 0, 0, 1]
['郁南县连滩镇炯业砂石购销部', 0, 0, 1, 1]
['北京远为餐饮管理有限公司', 0, 0, 0, 1]
['南京筑臣园林景观工程有限公司', 0, 0, 0, 1]
['平顶山市鹰宝机电设备厂', 0, 0, 0, 1]
['南阳市金利达纺织有限公司', 0, 0, 1, 1]
['巫溪县御品灯饰销售部', 0, 0, 1, 1]
['延安高飞建材有限公司', 0, 0, 0, 1]
['北京京华永盛商贸有限公司', 0, 0, 0, 1]
['淮安市楚州区仇桥镇乡镇企业服务站', 0, 0, 1, 0]
['泾县玉斌食品厂', 0, 0, 0, 1]
['清远市清城区横荷粤好味包子店打古店', 0, 0, 1, 1]
['佛山市南海区丹灶上兴废纸回收店', 0, 0, 1, 1]
['无锡市科兴化工有限公司', 0, 0, 1, 1]
['北京市东城区新鲜胡同小学', 0, 0, 1, 0]
['上海橡淑实业有限公司', 0, 0, 0, 1]
['西安欣铭皓建筑劳务有限公司', 0, 0, 0, 0]
['甘肃轩巨化工科技有限公司', 0, 0, 0, 1]
['青州市信捷酒店用品有限公司', 0, 0, 1, 1]
['嵊州市顺安货运部', 0, 0, 1, 1]
['景谷民鑫汽车销售服务有限公司', 0, 0, 0, 1]
['昆山市益升包装制品有限公司', 0, 0, 0, 1]
['香港多快电梯远东（1996）有限公司北京代表处', 0, 0, 1, 1]
['深圳市浩佳达贸易有限公司', 0, 0, 1, 1]
['山西远鑫焊接材料制造有限公司', 0, 0, 1, 1]
['泰州市鸿盛制香厂', 0, 0, 1, 1]
['云南全善和峰物流有限公司宁蒗分公司', 0, 0, 1, 1]
['怀宁县宁泰建筑工程有限公司', 0, 0, 0, 1]
['中国农业银行股份有限公司迁安沙河驿支行', 0, 0, 0, 1]
['湖北湛蓝环境科技有限公司', 0, 0, 0, 1]
['深圳市馨怡发展咨询有限公司', 0, 0, 0, 1]
['武汉浩曦车护科技有限公司', 0, 0, 0, 1]
['美联盛航保险代理有限公司咸阳分公司', 0, 0, 0, 1]
['大连甘井子伟爱综合医院有限公司', 0, 0, 0, 0]
['北京能福计算机配件销售中心', 0, 0, 1, 1]
['抚州市筑建劳务有限公司', 0, 0, 0, 1]
['广州市长源餐饮管理有限公司', 0, 0, 0, 1]
['昆明优拉酒店管理有限公司', 0, 0, 1, 1]
['奎文区跃进路水产经销处', 0, 0, 0, 0]
['沈阳金顺商贸有限公司', 0, 0, 0, 1]
['义乌腾越贸易有限公司', 0, 0, 0, 1]
['宁波立拓汽车零部件有限公司', 0, 1, 1, 1]
['荣成市石岛劳保用品专营商店', 0, 0, 0, 1]
['南京乐尚橡塑有限公司', 0, 0, 1, 1]
['南昌汇众教育咨询有限公司', 0, 1, 1, 1]
['盐城市盐杭运输有限公司', 0, 0, 0, 1]
['淄博市张店区和平小区小学', 0, 1, 1, 0]
['抚顺市制钉厂', 0, 0, 1, 1]
['晋城市城区先玲劳保五金门市部', 0, 0, 1, 1]
['泓泰复合材料（江阴）有限公司龙砂分公司', 0, 0, 0, 1]
['成都泰融亿投资有限公司', 0, 0, 0, 1]
['昆明顺千房地产开发经营有限公司', 0, 0, 0, 1]
['上海沁风源环境科技有限公司', 0, 0, 0, 1]
['北京润隆商贸有限公司', 0, 0, 0, 1]
['东莞市凯来实业发展有限公司', 0, 0, 1, 1]
['东莞市横竖撇捺营销策划有限公司', 0, 0, 0, 1]
['上海楚越商贸有限公司', 0, 0, 0, 1]
['内蒙古引绰济辽供水有限责任公司', 0, 0, 1, 1]
['丽江童话假日旅行社有限公司', 1, 0, 1, 1]
['武汉鹊人医疗科技服务有限公司', 0, 0, 1, 1]
['深圳市佳元素健康管理顾问有限公司', 0, 0, 0, 1]
['福建盛世经典餐饮管理有限公司福州井大路分公司', 0, 1, 1, 1]
['吉木萨尔县同舟利达商务信息咨询有限公司', 0, 0, 0, 0]
['甘肃恒成聚商贸有限公司', 0, 0, 0, 1]
['内蒙古鼎安建筑工程有限公司', 0, 0, 1, 1]
['昆明修谱科技有限公司', 0, 1, 1, 1]
['阿荣旗电视台广告部', 0, 0, 0, 1]
['无锡美诺有害生物防治有限公司', 0, 0, 1, 1]
['惠州市美亚电子有限公司', 0, 0, 0, 1]
['长沙市良师图涂料有限公司', 0, 0, 1, 1]
['北京华夏中青社区服务有限公司第一分公司', 0, 0, 1, 1]
['徐州大江南北口福餐饮管理有限公司丰县分公司', 0, 0, 0, 1]
['开原市五金工具有限公司', 0, 0, 1, 1]
['上海芳亚建筑装潢工程有限公司', 0, 0, 1, 1]
['邵武市鑫旺养殖有限公司', 0, 0, 1, 1]
['青岛明瑞兴业国际贸易有限公司', 0, 0, 0, 0]
['嘉兴市继续教育中心', 1, 1, 1, 1]
['广东盛钜金服商贸有限公司', 0, 0, 0, 1]
['河北晋祺盛矿产品销售有限公司', 0, 0, 1, 1]
['山东湘商置业有限公司', 0, 0, 0, 1]
['和硕县惠远农机销售中心', 0, 0, 1, 1]
['聊城万佳世纪辉煌网络文化有限公司', 0, 1, 1, 1]
['梦幻影音（北京）文化传播有限公司', 0, 0, 1, 1]
['阳泉经济技术开发区荣鑫耐火经销部', 0, 0, 1, 1]
['东河区回民办事处团结印刷厂', 0, 0, 0, 1]
['上海卿佳商务咨询有限公司', 0, 0, 0, 1]
['山东社庄蔬菜果品有限公司', 0, 0, 0, 1]
['玖赢金融控股（深圳）有限公司', 0, 0, 1, 1]
['安徽和润基建工程造价有限公司', 0, 0, 1, 1]
['义乌市瑞盈吸塑包装有限公司', 0, 0, 1, 1]
['绍兴市应天塔食品集团公司一厂', 0, 0, 0, 1]
['杭州志合义达电子商务有限公司', 0, 0, 0, 1]
['东莞市峥赢塑胶制品有限公司', 0, 0, 0, 1]
['凌云工业股份有限公司沈阳分公司', 0, 1, 1, 1]
['山东坤德家具有限公司', 0, 0, 0, 1]
['深圳善富互联网金融服务有限公司', 0, 0, 0, 1]
['冀州市润辰医疗器材有限公司康宁药房', 0, 0, 0, 1]
['成都汇艺画喜艺术品有限公司', 0, 0, 1, 1]
['新沂市凯鑫水晶玻璃有限公司', 0, 0, 0, 1]
['赤峰市物业管理公司', 0, 1, 1, 1]
['北京卫通电子公司', 0, 0, 1, 1]
['青岛凤来仪文化传播有限公司', 0, 1, 1, 1]
['兰州明勇商贸有限责任公司', 0, 0, 1, 1]
['长沙市芙蓉区湘腾电器线材经营部', 0, 0, 0, 0]
['岳阳楼区梦想健康信息咨询服务部', 0, 0, 1, 0]
['西安博霖纳信息科技有限公司', 0, 0, 0, 0]
['深圳艾尔康电子元器件有限公司', 0, 0, 1, 1]
['东莞市百方进出口有限公司', 1, 0, 0, 1]
['天津海河教育园区伊米蛋糕屋', 0, 0, 1, 1]
['中信银行股份有限公司靖江支行', 0, 1, 1, 1]
['深圳市湘辰灯饰照明有限公司', 0, 0, 1, 1]
['麦斯欧国际融资租赁（天津）有限公司', 0, 0, 0, 1]
['合肥莉沨五金机电有限公司', 0, 0, 0, 1]
['新疆方睿啤酒原料制品有限责任公司焉耆分公司', 0, 0, 0, 1]
['东港市新城中心小学', 0, 0, 1, 0]
['上海善捷贸易有限公司第一分公司', 0, 0, 0, 1]
['东莞市纯臻贸易有限公司', 0, 0, 0, 0]
['上海碧浪商贸有限公司', 0, 0, 1, 1]
['广州祺毅进出口有限公司', 0, 0, 0, 1]
['十堰拓天工贸有限公司', 0, 0, 1, 1]
['中山市德雅灯饰实业有限公司', 0, 0, 1, 1]
['东莞市宁宇物业管理有限公司南城分公司', 0, 0, 0, 1]
['甘肃天宸贸易有限责任公司', 0, 0, 0, 1]
['云南创日投资有限公司', 0, 0, 0, 1]
['上海子微电子科技有限公司', 0, 0, 1, 1]
['韶关市曲江区萨客思披萨店', 0, 0, 0, 1]
['成都睿仁企业管理咨询有限公司', 0, 0, 0, 1]
['宏盛建业投资集团有限公司岳阳分公司', 0, 0, 1, 1]
['江西共晶光伏科技股份有限公司', 1, 1, 1, 1]
['北京市朝阳忠实里副食品商店', 0, 0, 0, 1]
['藁城市永昌电力电器有限公司', 0, 0, 0, 1]
['南平政龙建设工程有限公司', 0, 0, 0, 1]
['安徽省安庭商贸有限责任公司', 0, 0, 0, 1]
['福州上扶电梯有限公司', 0, 0, 1, 1]
['成都蜀锦佳劳务有限公司', 0, 0, 0, 1]
['天津嘴把势餐饮管理有限公司', 0, 0, 1, 1]
['朔州市儿童乐园', 0, 0, 1, 0]
['临泽县红沟村旅游文化发展有限责任公司', 0, 0, 0, 0]
['成都威斯恩文化传播有限公司', 0, 0, 1, 1]
['梅州市凯燕实业有限公司', 0, 0, 0, 1]
['南京易松投资管理有限公司上海分公司', 0, 0, 1, 1]
['上海纯络实业发展有限公司', 0, 0, 0, 1]
['长沙众源生物科技有限公司', 0, 0, 0, 1]
['鄂州市金朝矿产品有限责任公司', 0, 0, 1, 1]
['常州星宇德立重工有限公司', 0, 0, 1, 1]
['长沙金光华置业有限公司', 0, 0, 1, 1]
['常州市毛毛虫网吧', 0, 0, 1, 1]
['福州隆平文化传播有限公司', 0, 0, 0, 0]
['北京东成悦达商贸有限公司', 0, 0, 1, 1]
['荣成市丰源水产饲料有限公司', 0, 0, 0, 1]
['河北平安电梯有限公司新乐分公司', 0, 0, 1, 1]
['南昌明月风光会展服务有限公司', 1, 0, 1, 1]
['云南泽升岩土科技有限公司', 0, 0, 0, 1]
['北京初于蓝生物科技有限公司', 0, 0, 0, 0]
['陕西铁联能源科技有限公司', 0, 0, 0, 1]
['杭州云居山工贸有限公司', 0, 0, 1, 1]
['安徽杰智建设工程有限公司宿州分公司', 0, 0, 0, 1]
['中国电子器材山东公司器件公司', 0, 0, 0, 1]
['成都金香城纸业有限公司', 0, 0, 1, 1]
['太仓华业机动车检测有限公司', 0, 0, 0, 1]
['榆林怡悦医药有限公司兴达路店', 0, 0, 0, 1]
['江苏达英数据科技有限公司', 0, 0, 0, 0]
['沈阳市燃料总公司第二分公司永昌煤场', 0, 0, 0, 1]
['天成金芝（上海）生物科技有限公司', 0, 0, 0, 1]
['龙口市黄城久久厨卫店', 0, 0, 1, 1]
['北京赛百泰生物技术有限公司', 1, 1, 1, 1]
['莒南县洪振泡化碱有限公司', 0, 0, 1, 1]
['中山市天竺文化传播有限公司', 1, 1, 1, 1]
['东海县薤白生物科技有限公司', 0, 0, 0, 1]
['广西贵港洺源装饰有限公司', 0, 0, 0, 1]
['河源市源能环保科技有限公司', 0, 1, 1, 1]
['汶上县亿鑫源服装有限公司', 0, 0, 0, 1]
['长沙市机床附件厂机电设备供销经理部', 0, 0, 1, 1]
['广西东华拍卖有限责任公司', 0, 0, 1, 1]
['烟台开发区蓝舰机械装卸有限责任公司', 0, 0, 0, 1]
['四川建鑫工程监理有限公司贵州分公司', 0, 0, 0, 1]
['珠海置达房地产投资顾问有限公司', 0, 0, 0, 1]
['甘肃汇瑞医药科技有限公司', 0, 0, 0, 0]
['上海晨骏实业有限公司', 0, 0, 0, 1]
['北京旭鲲均宇科技发展有限公司', 1, 1, 0, 1]
['北京瑟瑞斯信息科技有限公司', 0, 1, 0, 1]
['广州市莎淇龙皮具有限公司', 0, 0, 1, 1]
['广西南宁市悦迅林业有限公司', 0, 0, 0, 1]
['深圳市福田区隆鑫源建材商行', 0, 0, 0, 1]
['天津市东丽针织厂', 0, 1, 1, 1]
['威海佰诚贸易有限公司', 0, 0, 0, 1]
['南京龙豪吊装设备有限公司', 0, 0, 0, 1]
['济南颇紫贸易有限公司', 0, 0, 0, 0]
['东莞欧霸厨房设备有限公司', 0, 0, 0, 1]
['甘肃蚨祥商贸有限公司', 0, 0, 0, 1]
['广州居家房地产服务有限公司', 0, 0, 0, 1]
['内江海渝林业有限公司', 0, 0, 0, 1]
['泗阳泰士特商贸有限公司', 0, 0, 0, 1]
['东莞市厚街广富木业经营部', 0, 0, 0, 1]
['延边睿泽商贸有限公司', 0, 0, 0, 1]
['苏州艾瑞汽车座椅销售有限公司', 0, 0, 0, 1]
['丹阳市步步高房屋中介有限公司', 0, 0, 0, 1]
['北京色彩言习文化有限公司', 0, 0, 1, 1]
['浙江中林勘察研究股份有限公司安徽分公司', 0, 0, 0, 1]
['深圳市易顺低碳环保科技有限公司', 0, 0, 0, 1]
['贵州博鳌教育有限公司', 0, 0, 0, 1]
['天津坤达晟汇商贸有限公司', 0, 0, 0, 1]
['上海港湾综合商店', 0, 0, 1, 1]
['山东立州教育科技有限公司西安分公司', 0, 1, 0, 1]
['浙江首通快运有限公司乾县分公司', 0, 0, 0, 0]
['沈阳市大东区弘达日杂经销部', 0, 0, 0, 0]
['濮阳县天缘建筑工程有限公司', 0, 0, 0, 0]
['安徽益泰电子科技有限公司', 0, 0, 0, 1]
['郑州市召彦实业有限公司', 0, 0, 0, 1]
['深圳市银利玄德贸易有限公司', 0, 0, 0, 1]
['南宁地区建设工程公司衡阳经营部', 0, 0, 0, 0]
['西安斯孚广告文化传播有限公司', 0, 1, 0, 1]
['上海欧华医疗美容门诊部有限公司', 0, 0, 1, 1]
['山东微网网络科技有限公司', 0, 0, 0, 1]
['兰州人文广告有限责任公司', 0, 0, 0, 1]
['中山市黄圃镇鑫鹏辉五金店', 0, 0, 0, 1]
['深圳市尚思服饰有限公司', 0, 0, 0, 1]
['陆河县城一格饰品店', 0, 0, 1, 1]
['沈阳市大东区王玉琴出租车营运点', 0, 0, 0, 1]
['秦皇岛仁爱堂健康管理咨询有限公司', 0, 0, 0, 1]
['徐州联明物资贸易有限公司', 0, 0, 0, 1]
['上海二轻建筑装饰实业公司', 0, 0, 1, 1]
['南宫市实达物业有限公司', 0, 0, 1, 1]
['福建泰祥建设工程有限公司', 0, 0, 0, 1]
['厦门顺硕维科技有限公司', 0, 0, 0, 1]
['西安叶香生态农业科技有限公司', 0, 0, 1, 1]
['栖霞市白洋河酿酒公司机械维修加工厂', 0, 0, 0, 1]
['合肥益力建材有限公司', 0, 0, 0, 1]
['宁波永发集团有限公司福州分公司', 0, 1, 0, 1]
['平远红岩寨休闲山庄有限公司', 0, 0, 0, 1]
['中国联合网络通信有限公司成都市分公司青羊中铁西城自有营业厅', 1, 0, 1, 1]
['苏州多特包装材料有限公司', 0, 0, 0, 0]
['营口市利达汽车保修设备厂', 0, 0, 0, 0]
['常德市金鑫润工贸有限公司', 0, 0, 0, 1]
['上海隆运贸易有限公司第一分公司', 0, 0, 0, 0]
['常州山外楼建筑装饰有限公司', 0, 0, 0, 0]
['内蒙古沙林泉酒业有限责任公司', 0, 0, 0, 1]
['婺源县鑫力帆汽贸有限公司', 0, 0, 0, 1]
['安徽省克兰维尔康绿色食品有限公司', 0, 0, 0, 1]
['内蒙古搭顺车信息科技有限公司', 0, 1, 0, 1]
['深圳市新龙门实业有限公司', 0, 0, 0, 1]
['余姚市同高塑化有限公司', 0, 0, 0, 1]
['泰安市金钟卫生材料有限公司', 0, 0, 1, 1]
['池州市鸿景装饰工程有限公司', 0, 0, 1, 1]
['鞍山市瑞天华经贸有限公司', 0, 0, 0, 0]
['金寨县天和渣土处理有限公司', 0, 0, 0, 0]
['北京新亚实中顾问有限公司', 0, 0, 1, 1]
['中国有色西北供销公司兰州供应站白银物资部', 0, 0, 0, 1]
['上海燕然国际贸易有限公司', 0, 0, 0, 1]
['上海真觉商务咨询有限公司', 0, 0, 0, 1]
['玖福团膳餐饮管理（大连）有限公司中央厨房分公司', 0, 0, 0, 1]
['湘潭县麦子石水泥厂', 0, 0, 0, 1]
['辽宁诺茨机电设备有限公司', 0, 0, 0, 0]
['保定市东风电机修理厂', 0, 1, 1, 1]
['新疆利康佳生物技术有限责任公司', 0, 0, 0, 1]
['上海雪缦家纺有限公司', 0, 0, 0, 1]
['江西百信财富投资管理有限公司', 0, 0, 0, 0]
['桓台县恒翔劳动服务有限公司', 0, 0, 1, 1]
['江西航嘉城市建设有限公司', 0, 0, 1, 1]
['深圳市罗湖区无尽藏珠宝玉器行', 0, 0, 1, 0]
['沈阳赛沃斯节能咨询有限公司', 0, 0, 0, 1]
['宁夏嬴鼎资产管理有限公司', 1, 1, 0, 1]
['吉林市临床检验咨询服务部', 0, 0, 0, 1]
['北京市江南美景商贸有限责任公司', 0, 0, 1, 1]
['襄阳信诚安科农林科技有限公司', 0, 0, 1, 1]
['上海承兮贸易有限公司', 0, 0, 0, 1]
['广东乐道资产管理有限公司', 0, 0, 0, 1]
['怀集县怀城镇富威摩托车配件商店', 0, 0, 1, 1]
['中石化股份有限公司河南驻马店新蔡县分公司杨庄户加油点', 0, 0, 0, 1]
['罗定市苹塘镇玲玲木制品加工厂', 0, 0, 1, 1]
['三河市英伟商贸有限公司', 0, 0, 0, 1]
['佛山市万众盛养殖设备有限公司', 0, 0, 0, 1]
['建昌县玉琴综合商店', 0, 0, 0, 1]
['吴江市七都镇庙港新潮木制品厂', 0, 0, 1, 1]
['青岛安波利特商务宾馆有限公司', 0, 0, 1, 1]
['济南徽安建筑装饰工程有限公司', 0, 0, 0, 1]
['兰州永健丽可医疗器械有限公司西固分公司', 0, 0, 1, 1]
['江西宝新实业有限公司', 0, 0, 0, 1]
['通辽市科尔沁区钱家店石油供应站', 0, 0, 0, 1]
['杭州宇人景观艺术有限公司', 0, 0, 1, 1]
['深圳易尚昇投资发展有限公司', 0, 0, 0, 1]
['北京红旗人力资源管理有限公司张北县分公司', 0, 0, 0, 0]
['石家庄霄汉管道安装工程有限公司', 0, 0, 0, 1]
['盈江县旧城盈丰饲料加工厂', 0, 0, 0, 1]
['四川金石慧通信息技术有限公司', 0, 0, 0, 1]
['广东钟记吊拖车起重运输有限公司', 0, 0, 0, 1]
['太原沪友科技有限公司', 0, 1, 1, 1]
['望城县坪塘镇嘉豪烟酒行', 0, 0, 0, 1]
['宜兴市张渚糖烟酒公司兴达商店', 0, 0, 0, 1]
['新疆鑫宝科利尔新能源有限公司', 0, 0, 0, 1]
['兴隆县鑫熙节能环保科技有限公司', 0, 0, 0, 1]
['上海谋林海事技术有限公司', 0, 0, 0, 1]
['深圳家家好零售便利商店有限公司', 0, 0, 0, 1]
['东莞市乡农贸易有限公司', 0, 0, 0, 1]
['横山县红宝担保有限责任公司', 0, 0, 0, 1]
['舞阳三丰粮油贸易有限公司', 0, 0, 1, 1]
['大庆市春雷房地产开发有限公司', 0, 0, 1, 1]
['菏泽至翔包装有限公司', 0, 0, 0, 1]
['北京盛世盛开教育科技有限公司', 0, 1, 1, 1]
['厦门立丰工贸有限公司', 0, 0, 0, 1]
['南通大地拍卖有限公司', 0, 0, 1, 1]
['珠海市恒信通酒业有限公司', 0, 0, 0, 1]
['中绿百诺（北京）生物工程技术有限公司', 0, 0, 0, 1]
['郯城县食品冷藏厂', 0, 0, 1, 1]
['淮阳县宏达脱水蔬菜有限公司', 0, 1, 1, 1]
['昆明同康商贸有限公司', 0, 0, 0, 1]
['昆明妮克文化传播有限公司', 0, 0, 1, 1]
['石家庄谷影商贸有限公司', 0, 0, 0, 1]
['重庆鑫朋来建材有限公司', 0, 0, 0, 0]
['武汉久松木业有限公司', 0, 0, 0, 1]
['北京兴北源五金配件销售中心', 0, 0, 0, 0]
['河北华宁房屋租赁有限公司', 0, 1, 0, 1]
['深圳市海大装饰有限公司福田分公司', 0, 0, 0, 1]
['江苏寻途酒店管理有限公司', 1, 0, 0, 1]
['上海锦树物流有限公司', 1, 1, 0, 1]
['上海欣绫健康管理咨询有限公司', 0, 0, 0, 1]
['上海妙邻餐饮管理有限公司', 0, 0, 0, 1]
['南通小鑫电子商务有限公司', 0, 0, 0, 1]
['天津市滨海新区融申贸易有限责任公司', 0, 0, 0, 1]
['吉林省锦达商贸有限公司', 0, 0, 0, 0]
['天津市实华绿鑫商贸有限公司', 0, 0, 0, 1]
['辽宁小产区商贸有限公司', 0, 0, 0, 1]
['云南辉弘环境工程有限公司大理分公司', 0, 1, 0, 1]
['义乌市聚缘文化传播有限公司', 0, 0, 1, 1]
['河南恒裕农业科技有限公司', 0, 0, 0, 1]
['沧州舍艾堂商贸有限公司', 0, 0, 0, 1]
['滁州东安汇龙电气有限公司', 0, 1, 1, 1]
['左云县气象科技服务中心', 0, 0, 0, 1]
['郑州铸明建设工程咨询有限公司', 0, 0, 1, 1]
['宝鸡市宝光装饰工程工业公司', 0, 1, 1, 1]
['公主岭市恒大烟花鞭炮有限公司', 0, 0, 0, 1]
['松原市茂乾经贸有限公司', 0, 0, 0, 0]
['河南铭钧建筑材料有限公司', 0, 0, 0, 0]
['上海行诺信息技术有限公司', 0, 0, 1, 1]
['深圳市菲丽特服饰有限公司', 0, 0, 0, 1]
['大远（中国）有限公司', 0, 0, 0, 1]
['汕头市澄海区泰和汽车美容维修场', 0, 0, 1, 1]
['云南阿拉丁网络科技有限公司', 0, 0, 0, 1]
['郑州爱思德知识产权代理服务有限公司', 0, 0, 1, 1]
['山东鲁翔集团总公司', 0, 0, 0, 1]
['云浮市金汇达食品有限公司', 0, 0, 0, 1]
['高邮市润名农副产品经营部', 0, 0, 1, 1]
['聊城市东恒商贸有限公司', 0, 0, 0, 1]
['衡阳冠辉动物保健有限公司', 0, 0, 0, 1]
['潍坊市寒亭区鲁燕养殖专业合作社', 0, 0, 0, 1]
['重庆飞舟科技有限公司', 0, 0, 0, 0]
['海港区裴兴艳养殖场', 0, 0, 0, 1]
['恩施市诚典寄卖有限公司', 0, 0, 0, 1]
['河南福联信息技术有限公司', 0, 1, 0, 1]
['上海杰和清洁用品制造有限公司苏州分公司', 0, 0, 0, 1]
['长治市恒业新时代房地产开发有限公司', 0, 0, 0, 0]
['贵州智链科技有限公司', 0, 0, 0, 1]
['天津市博际通科技发展有限公司', 0, 0, 0, 1]
['武夷山市雄旺水泥制品厂', 0, 0, 1, 1]
['上海蓓美实业有限公司', 0, 0, 1, 1]
['上海汇骏文化传播有限公司', 0, 0, 1, 1]
['北京光动力创业投资有限公司', 0, 0, 1, 1]
['盐城市世成锦纺织品有限公司', 0, 0, 0, 1]
['宁波新玮诺防护用品有限公司', 0, 1, 1, 1]
['温岭印象装饰工程有限公司', 0, 0, 0, 1]
['佛山凤启文化传播有限公司', 0, 1, 0, 1]
['合肥经济技术开发区荣辉通信服务部', 0, 0, 1, 1]
['陆丰市美升装饰工程有限公司', 0, 0, 0, 1]
['徐州市彭城电器设备有限公司第二分公司', 0, 0, 0, 1]
['苏州非变纺织品有限公司', 0, 0, 0, 1]
['山西海吉通电力工程有限公司', 0, 0, 1, 1]
['惠州市好万家装饰设计工程有限公司', 0, 0, 1, 1]
['烟台丰源财务服务有限公司', 0, 1, 0, 1]
['南通临杨建材有限公司', 0, 0, 0, 1]
['沈阳科林斯金属材料有限公司', 0, 0, 1, 1]
['中国工商银行顺德市支行沙头第二储蓄所', 0, 0, 1, 1]
['厦门隆安兴贸易有限公司', 0, 0, 0, 1]
['上海保腾新型建材设备有限公司', 0, 0, 1, 1]
['南通新美佳眼镜有限公司', 0, 0, 0, 1]
['深圳市鸿景特广告有限公司', 0, 0, 0, 1]
['贵阳他拍创意文化传媒有限公司', 0, 0, 0, 1]
['武汉电信实业有限责任公司常青物业管理分公司', 0, 1, 0, 1]
['江苏百佳惠瑞丰大药房连锁有限公司南京葛关路店', 0, 0, 0, 0]
['苏州市相城区黄桥周洪兵蔬菜摊', 0, 0, 1, 1]
['北京精典艾佳装饰工程有限公司', 0, 0, 1, 1]
['深圳华夏汇通资产管理有限公司', 0, 0, 0, 1]
['石家庄弗莱克斯研磨科技有限公司', 0, 0, 1, 1]
['东莞市乾美建材有限公司', 0, 0, 0, 1]
['广州衣信贸易有限公司', 0, 0, 0, 1]
['揭阳市榕城区良奇机械厂', 0, 0, 0, 1]
['永州市虹森渣土运输有限公司', 0, 0, 0, 1]
['鞍山市铁东区亮晶晶千里明视力保健康复中心', 0, 0, 0, 1]
['吉林市昌邑区供销社', 0, 0, 0, 0]
['上海鹃凯装饰工程有限公司', 0, 0, 0, 1]
['北京军星本色文化产业有限公司上海分公司', 0, 0, 0, 1]
['四川省水电集团金阳电力有限公司洛觉片区供电所', 0, 0, 0, 0]
['中德新亚建筑材料有限公司', 0, 0, 1, 1]
['上蔡县盛景规划设计有限公司', 0, 0, 0, 1]
['上海康寿汽车修理有限公司吴宝路分公司', 0, 0, 0, 1]
['北京汇通源远投资咨询有限公司', 0, 0, 0, 1]
['青羊区精工空调配件经营部', 0, 0, 0, 1]
['南昌摩捷实业有限公司', 0, 0, 0, 1]
['济南汇英机械有限公司', 0, 0, 0, 1]
['南宁市恒至迅科技有限公司', 0, 0, 0, 1]
['重庆凯玺投资咨询有限公司', 0, 0, 1, 1]
['余姚市银环纳米胶水厂', 0, 0, 0, 1]
['彭水县月鑫麻棉土特产有限责任公司', 0, 0, 0, 1]
['保定米叶电子商务有限公司', 0, 0, 0, 1]
['博罗县龙溪镇横湖水泥预制品加工厂', 0, 0, 1, 1]
['厦门市捌伍山商贸有限公司', 0, 0, 0, 1]
['深圳市齐茂源建材有限公司', 0, 0, 0, 1]
['海南口品香实业有限公司', 0, 0, 0, 1]
['广西银农畜牧集团有限责任公司陆川县饲料营销部', 0, 0, 0, 1]
['浑源县金钟养殖有限公司', 0, 0, 0, 1]
['北京文彬伟业管理顾问有限公司', 0, 0, 0, 1]
['内江皓邦商贸有限公司', 0, 0, 1, 1]
['鹤壁市万顺家政服务有限公司', 0, 0, 1, 1]
['诸城市恒丰模具有限公司', 0, 0, 0, 1]
['贵州南宇固达电线电缆有限公司', 0, 0, 0, 1]
['济宁市兖州区明洋汽车修理厂', 0, 0, 0, 1]
['广东尚景捷讯广告传媒有限公司济南分公司', 0, 0, 0, 1]
['防城港市海纳百川装饰工程有限公司', 0, 0, 1, 1]
['石家庄全程投资顾问有限公司', 0, 0, 1, 1]
['台州市路桥运输公司石家庄线货物托运处', 0, 0, 0, 1]
['南京市下关区康城厨房设备销售中心', 0, 0, 1, 1]
['上海今文机电设备有限公司', 0, 0, 1, 1]
['宁夏畅海运业有限公司', 0, 0, 0, 1]
['北京科海一舟商贸有限公司', 0, 0, 1, 1]
['诸城市恒通农机专业合作社', 0, 0, 1, 1]
['郑州万泰净水材料有限公司', 0, 0, 0, 1]
['四川乐驿快捷房地产经纪有限公司', 0, 0, 0, 1]
['上海和友服饰有限公司', 0, 0, 1, 1]
['四川桂陶旅游资源开发有限公司', 0, 0, 1, 1]
['常州市希科机械电子有限公司第一分公司', 0, 0, 1, 1]
['上海红叶文化娱乐发展有限公司美发美容院', 0, 0, 0, 1]
['厦门市同安区恒协盛橱具店', 0, 0, 0, 1]
['安吉天子湖明有日用品商行', 0, 0, 1, 1]
['山西双截棍信息技术有限公司', 0, 0, 0, 1]
['山东省精准医疗技术有限公司', 0, 0, 0, 1]
['泰兴市华泰吊具有限公司', 0, 0, 1, 1]
['商洛市陆飞贸易有限公司', 0, 0, 0, 1]
['威海市华农水产总公司机电设备分公司', 0, 0, 0, 1]
['丹巴县布科新区物业管理有限责任公司', 0, 0, 0, 1]
['北京曲典艺术设计有限公司', 0, 0, 1, 1]
['怀集县怀城镇妃丝小铺日用护肤品商店', 0, 0, 1, 1]
['平湖麦岺阁食品有限公司', 0, 0, 0, 1]
['济阳县曲堤镇溢康园蛋糕房', 0, 0, 0, 1]
['自贡市丽珠水产养殖有限公司', 0, 0, 0, 1]
['北京展世三横文化艺术有限责任公司', 0, 0, 0, 1]
['芜湖盛禧教育服务社有限公司', 0, 0, 1, 1]
['广州霖华电子科技有限公司', 0, 0, 0, 1]
['上海亮优标识设计制作有限公司', 1, 1, 1, 1]
['无锡恒业通企业管理有限公司', 0, 0, 0, 1]
['融安县鑫鸿建筑工程有限公司', 0, 0, 0, 0]
['厦门协鑫泽财务管理有限公司', 0, 0, 1, 1]
['巴彦县佰承钢构彩板制造厂', 0, 0, 1, 1]
['江苏旭融企业管理有限公司', 1, 0, 1, 1]
['余姚雍和宫大酒店有限公司百家姓餐饮管理分公司', 0, 0, 0, 1]
['綦江县鑫溢机械厂', 0, 0, 0, 1]
['海宁市硖石尚品德嘉家具商行', 0, 0, 1, 1]
['纽金（北京）咨询有限公司', 0, 0, 0, 1]
['泰安力顺机械设备有限公司', 0, 0, 0, 1]
['成都华夏药业连锁有限责任公司蜀汉店', 0, 1, 0, 1]
['广陵区一秀鞋坊', 0, 0, 0, 0]
['四川省南部县望月花卉果品有限责任公司', 0, 0, 1, 1]
['扬州市华东动力机械有限公司黑龙江分公司', 0, 1, 0, 1]
['大连求学招生咨询服务有限公司', 0, 0, 1, 1]
['成都金诺制衣有限公司', 0, 0, 0, 1]
['北京市海淀区永丰玉河食品厂餐厅', 0, 0, 0, 0]
['株洲悦道文化传播有限公司', 0, 0, 1, 1]
['湛江市大洋房地产有限公司金都营业部', 0, 0, 0, 0]
['白山市天然花木有限公司', 0, 0, 0, 1]
['湖南三江慧龙旅游产业开发有限公司', 0, 0, 0, 1]
['大连天巳联合融资担保有限公司', 0, 0, 0, 1]
['南华县佳禾物业管理有限责任公司', 0, 0, 0, 1]
['安徽省魏氏禽业有限责任公司', 1, 1, 1, 1]
['武陟县龙盛祥农机专业合作社', 0, 0, 0, 1]
['西安源广智能机电设备有限公司', 1, 0, 0, 1]
['辽宁警官高等专科学校', 0, 1, 1, 0]
['太和县军侠粉业有限公司', 0, 0, 0, 0]
['重庆市翼艺科技有限公司', 0, 0, 0, 1]
['丽水绿机食品有限公司继光店', 0, 0, 0, 1]
['昆明旃舟商贸有限公司', 0, 0, 0, 1]
['无锡市南长区永丰皮鞋厂', 0, 0, 0, 1]
['广州市增城致利布行', 0, 0, 0, 1]
['慈溪市德嘉塑料制品有限公司', 0, 0, 0, 1]
['凌源市东尼时尚造型', 0, 0, 0, 1]
['安徽省六安市叶集丽人木业有限公司', 1, 1, 1, 1]
['济南春晨装饰工程有限公司', 0, 0, 0, 1]
['盘锦市天然气劳服公司建筑装璜二处', 0, 0, 0, 1]
['荆门市伊妩宜时装饰材料有限公司', 0, 0, 0, 0]
['上海钰申金融信息服务有限公司吉林市丰满营业部', 0, 0, 0, 1]
['怀集县华联竹业有限公司', 0, 0, 1, 1]
['上海市青隆金属材料有限公司第一分公司', 0, 0, 1, 1]
['保定熙保诚环保设备销售有限公司', 0, 0, 0, 0]
['湖南康尔佳健康汇生命科技有限公司', 0, 1, 0, 1]
['铜陵达琳电子商务有限公司', 0, 0, 0, 0]
['成都为乐家具有限公司', 0, 1, 1, 1]
['上海家鑫房地产经纪事务所', 0, 0, 0, 0]
['永川区奇程装饰经营部', 0, 0, 1, 1]
['萍乡市长盈贸易有限公司', 0, 0, 0, 1]
['河南葆源建筑劳务有限公司', 0, 0, 0, 1]
['上海豪安实业有限公司海天分公司', 0, 0, 0, 1]
['河北卓安房地产开发有限公司', 0, 0, 1, 1]
['衡水天迈塑料制品有限公司', 0, 0, 1, 1]
['北京天帮顺技术服务有限公司', 0, 0, 1, 1]
['荆州区鑫惠丰牲猪养殖场', 0, 0, 1, 1]
['东莞市百分百劳务派遣有限公司东莞塘厦分公司', 0, 0, 1, 1]
['深圳市孕美荟母婴健康管理有限公司', 0, 0, 0, 1]
['安阳市贞元燃气有限责任公司崔家桥供气站', 0, 0, 0, 1]
['祁东县四明山乡玉华山羊养殖场', 0, 0, 0, 1]
['富平县御厨老碗菜馆', 0, 0, 1, 1]
['凤台福喜来文化传媒有限公司', 0, 0, 1, 1]
['福建天昊投资有限公司', 0, 0, 1, 1]
['知音少年文化传媒（武汉）有限公司', 0, 1, 0, 1]
['武汉济渊发塑业有限公司', 0, 0, 1, 1]
['厦门时利联华企业管理有限公司', 0, 0, 0, 1]
['江西三牧水利水电有限公司', 0, 0, 0, 1]
['西丰县建设城市信用社', 0, 0, 1, 0]
['开平市三埠御茶道奶茶店', 0, 0, 1, 0]
['福建省连江县豪佳塑料制品有限公司', 0, 0, 1, 1]
['潍坊市寒亭区桂芳装饰材料店', 0, 0, 0, 1]
['天津生态城水务投资建设有限公司', 0, 1, 1, 1]
['深圳市鑫创电器有限公司', 0, 1, 1, 1]
['深圳市懿源贸易有限公司', 0, 0, 0, 1]
['天津松伟物流有限公司', 0, 0, 0, 1]
['上海迎曦餐饮企业管理有限公司', 0, 0, 0, 1]
['北京市俸伯仿铝型材厂', 0, 0, 1, 1]
['重庆迅耀科技有限公司', 0, 0, 1, 1]
['沈阳老妈红餐饮投资管理有限公司', 0, 0, 0, 1]
['成都市良膳商贸有限公司', 0, 0, 0, 1]
['丰顺县细蔡汽修场', 0, 0, 0, 1]
['宜春创合科技有限公司', 0, 0, 0, 1]
['哈尔滨伊丽鞋业有限公司', 0, 0, 1, 1]
['东营安兴成品油销售有限公司', 0, 0, 0, 1]
['珠海倍健智达机电自动化有限公司', 0, 1, 1, 1]
['杉众企业管理（上海）有限公司石家庄分公司', 0, 0, 1, 1]
['天门市建设集团机械化施工有限公司', 0, 0, 0, 1]
['徐州昭今投资咨询有限公司', 0, 0, 0, 1]
['海城市棉麻公司顺达贸易商店', 0, 0, 0, 1]
['宁武县旭峰养殖场', 0, 0, 1, 1]
['成都市闵洪刚汽车销售有限公司', 0, 0, 0, 1]
['泰安市岱岳区良庄镇金玉日用商店', 0, 0, 1, 1]
['中安信电子商务有限公司', 0, 0, 1, 1]
['漳州捷荣食品有限公司', 0, 0, 1, 1]
['大理唯度装饰有限公司', 0, 0, 0, 1]
['中国市政工程华北设计研究总院有限公司西藏分公司', 0, 0, 0, 1]
['永州市零陵区大庆坪乡据江寺唐爱凤副食店', 0, 0, 0, 1]
['深圳市益源丰电子材料有限公司', 0, 0, 1, 1]
['泉州市鲤城浮桥万佳自选商店', 0, 0, 0, 1]
['徐州阔阔物资贸易有限公司', 0, 0, 0, 1]
['杭州蓝昊工贸有限公司', 0, 0, 1, 1]
['泉州美源卫浴有限公司', 0, 0, 1, 1]
['天方茶业股份有限公司池州四店', 0, 0, 0, 1]
['成都市恒馨茶叶有限责任公司文殊院分店', 0, 0, 0, 1]
['重庆市柏熠文化创意有限公司', 0, 0, 0, 1]
['凤凰梵天（北京）健康管理有限公司', 0, 0, 1, 1]
['北京广瑞资产管理有限公司', 0, 0, 1, 1]
['沈阳御芝康健商贸有限公司', 0, 0, 0, 1]
['牡丹江万赢石油化工有限公司', 0, 0, 0, 0]
['北京大学音像出版社', 0, 0, 1, 0]
['上海蓉申建筑劳务有限公司宁波分公司', 0, 0, 0, 1]
['荥阳市乔楼镇民生保健按摩店', 0, 0, 0, 1]
['宝丰县城关镇王素贞服装店', 0, 0, 0, 0]
['北京市千子莲健身中心一店', 0, 0, 0, 1]
['上海圣喆投资管理有限公司', 0, 0, 1, 1]
['中祥泰富（大连）投资管理有限公司', 0, 0, 0, 1]
['郑州豫幸医疗器械有限公司', 0, 0, 1, 1]
['信阳市长城投资管理有限公司', 0, 0, 1, 1]
['咸阳雄风建筑装饰工程有限公司', 0, 0, 1, 1]
['淇县农村信用合作联社铁东分社', 0, 0, 0, 1]
['明弦（北京）文化发展有限公司', 0, 0, 1, 1]
['通河县中国移动通信祥顺合作厅', 0, 0, 1, 1]
['上海大容工程技术有限公司', 0, 0, 1, 1]
['上海经营者商贸有限公司', 0, 0, 0, 1]
['德州泽浩建筑工程有限公司', 0, 0, 0, 0]
['上海光颐电气科技有限公司', 0, 0, 0, 1]
['攀枝花市富捷装饰有限公司', 0, 0, 1, 1]
['古城区老姚企业管理服务有限公司', 0, 0, 1, 1]
['深圳市挖财猫金融信息服务有限公司', 1, 1, 1, 1]
['上海祺直实业有限公司', 0, 0, 0, 1]
['四川华壹电子科技有限公司', 0, 0, 0, 1]
['海南天涯复兴劳务服务有限公司', 0, 0, 1, 1]
['夏津县华坤植物油有限公司', 0, 0, 0, 1]
['河北财源再生资源回收有限公司', 0, 0, 1, 1]
['通化市东昌区高档面料织物厂', 0, 0, 1, 0]
['何玉萍道县寿雁镇道全路', 0, 0, 0, 1]
['广西马雷特斯电子科技有限公司', 0, 1, 0, 1]
['北京汇丰世纪科贸有限公司', 0, 0, 0, 1]
['临沂恒纳德商贸有限公司', 0, 0, 0, 0]
['湛江市霞山区炜信室内装饰设计部', 0, 0, 1, 1]
['广州市番禺区石基夷陵金属加工机械加工厂', 0, 0, 1, 1]
['成都富商特商贸有限公司', 0, 0, 0, 1]
['深圳市亚美广告有限公司广西分公司', 0, 1, 1, 1]
['南京荣烁杰房产经纪有限公司', 0, 0, 1, 1]
['山东省寿光市水产供销公司', 0, 0, 0, 1]
['武汉美味食寨酒店管理有限公司', 0, 0, 1, 1]
['水富县华铭商贸有限公司', 0, 0, 1, 1]
['贵港市好容易教育信息咨询有限公司', 0, 0, 0, 1]
['昆山维克特机电空调工程有限公司', 0, 0, 1, 1]
['深圳市光明新区公明小佳佳百货', 0, 0, 0, 1]
['广州兆才人力资源有限公司', 1, 0, 0, 1]
['平凉市润汇商贸有限公司', 0, 0, 0, 0]
['秦皇岛晶合光伏电力开发有限公司', 0, 0, 1, 1]
['北京福润特科技发展有限公司', 0, 0, 1, 1]
['福州信豪工程造价咨询有限公司', 0, 1, 1, 1]
['唐山国讯汇方通讯器材有限公司新华道手机店', 0, 0, 1, 1]
['内蒙古任和保洁服务有限公司', 0, 0, 0, 1]
['湖南盾石混凝土有限责任公司', 0, 1, 1, 1]
['上海闵行饮食服务有限公司康健综合经营部', 0, 0, 0, 1]
['和一汇（北京）健康管理有限公司', 0, 0, 0, 1]
['上海延宁汽车销售服务有限公司枣庄分公司', 0, 0, 0, 1]
['文山市鑫荣通讯店', 0, 0, 1, 1]
['广西梧州城乡建筑工程有限公司建筑门窗厂', 0, 0, 1, 1]
['济南火星时代教育科技有限公司', 0, 1, 0, 1]
['揭阳空港区润振贸易有限公司', 0, 0, 0, 1]
['北京市鑫北显工贸有限公司阳光佳美物业管理分公司', 0, 0, 0, 1]
['延边光明旅行社有限公司', 0, 0, 0, 1]
['松阳县妙远城市服务有限公司', 0, 0, 0, 1]
['当涂县乌溪立窑厂', 0, 0, 0, 1]
['青岛一诺诚劳务派遣有限公司', 0, 0, 1, 1]
['深圳市福和物业管理有限责任公司', 0, 0, 0, 1]
['宁国市天湖生态农业发展有限公司', 0, 0, 1, 1]
['广州嘉唯人力资源顾问有限公司', 0, 0, 1, 1]
['重庆友成石油地质物资有限公司', 0, 0, 0, 1]
['大连馨苑房产经纪有限公司', 0, 0, 0, 1]
['江苏远大土石方有限公司', 0, 0, 1, 1]
['临安聚募信息科技有限公司', 1, 1, 0, 1]
['曹县啵啵虎服饰有限公司', 0, 0, 0, 1]
['上海三土实业有限公司', 0, 0, 0, 1]
['武汉正奇体育文化传播有限公司', 0, 0, 0, 1]
['江阴市诺亚不锈钢管业有限公司', 0, 0, 0, 1]
['杭州崇艺塑料制品有限公司', 0, 0, 0, 1]
['淄川松龄发之道理发店', 0, 0, 1, 1]
['山西汇富环宇企业管理咨询有限公司', 0, 0, 0, 1]
['洪湖市兴洪纺织有限公司', 0, 1, 1, 1]
['介休市帅峰实业有限公司', 0, 0, 0, 1]
['宁夏君鼎金属材料有限公司', 0, 0, 0, 0]
['苏州斯科鲁五金科技有限公司', 0, 0, 1, 1]
['武汉顺信通汽车服务有限公司', 0, 0, 0, 0]
['宝鸡韶品汇科技服务有限公司', 0, 0, 0, 1]
['内蒙古丰电能源发电有限责任公司', 0, 0, 0, 1]
['深圳市亨利越盛进出口有限公司', 0, 0, 0, 1]
['海安中亚机床有限公司', 0, 0, 1, 1]
['深圳市泓顺嘉业置业投资有限公司', 0, 0, 0, 1]
['北京捷运机电设备公司', 0, 0, 0, 1]
['上海鸿窦市场营销策划有限公司', 0, 0, 0, 1]
['安徽省标诺餐饮设备有限公司', 0, 0, 0, 1]
['深圳市一德堂医药连锁有限公司龙岗东都分店', 0, 1, 0, 1]
['宁南县合丰电冶有限责任公司', 0, 0, 0, 1]
['上海狮发物资有限公司分公司', 0, 0, 0, 1]
['四川彤铭广告有限公司', 0, 0, 0, 1]
['拜城县京鑫建材有限公司', 0, 0, 0, 1]
['西安桐草工贸有限公司', 0, 0, 0, 1]
['耿马孟定欣怡农林发展有限公司', 0, 0, 0, 1]
['带路者（北京）网络科技有限公司', 1, 0, 0, 1]
['北京昌百兴业水泥制品有限公司', 0, 0, 1, 1]
['上海金丰投资股份有限公司杭州分公司', 0, 1, 0, 1]
['中国邮政集团公司郑州市上街区分公司', 0, 1, 0, 1]
['广东顺德瑞臻五金塑料制品有限公司', 0, 0, 0, 0]
['山东新邦运输有限公司潍坊分公司', 0, 0, 0, 1]
['四川军奕建筑劳务有限公司', 0, 0, 1, 1]
['兰州学缔教育咨询有限责任公司', 0, 0, 0, 1]
['上海诚和服饰有限公司', 0, 0, 0, 1]
['宁波中印恒昌贸易有限公司', 0, 0, 1, 1]
['徐州圣诺动力传动机械有限公司', 0, 1, 0, 1]
['广西南宁宇惠通计量技术服务有限公司', 0, 0, 0, 1]
['成都市雅乐尔家具有限责任公司', 0, 0, 0, 1]
['珠海市香洲优密丝商行', 0, 0, 0, 1]
['北京中建伟业建材有限公司', 0, 0, 1, 1]
['山东平邑鲁林花岗石厂', 0, 0, 1, 1]
['济宁市万丰废旧物资回收有限公司', 0, 0, 0, 1]
['重庆市万州区风连家具经营部', 0, 0, 0, 1]
['阜阳缘来房地产经纪有限公司', 0, 0, 0, 0]
['东莞市东佳鞋业有限公司', 0, 0, 1, 1]
['无锡臻恒信新材料有限公司', 0, 0, 0, 1]
['贵州简科贸易有限公司', 0, 0, 0, 1]
['北京聚福至诚金属材料有限公司', 0, 0, 1, 1]
['河南豫飞建材有限公司', 0, 1, 0, 1]
['故城县秦伟机械配件有限公司', 0, 0, 0, 1]
['宁夏电力科技开发公司', 0, 0, 0, 0]
['安徽省联通国际旅行社有限公司', 0, 0, 1, 1]
['深圳市快找网络科技有限公司', 0, 1, 1, 1]
['七台河市兴晟隆洗煤物资有限公司', 0, 0, 0, 1]
['惠州市镕润教育投资有限公司', 0, 0, 1, 1]
['西安兴武苗木种植农民专业合作社', 0, 0, 1, 1]
['天津大港油田北华实业有限公司顺发百货门市部', 0, 0, 1, 1]
['烟台市华龄建筑安装工程公司华利工程处', 0, 0, 1, 1]
['江阴市临港街道西石桥社区居民委员会', 0, 0, 0, 1]
['昆山市周市镇盛百味精品美食店', 0, 0, 0, 0]
['上海莲辰实业有限公司', 0, 0, 0, 1]
['大连聚鸿源科技有限公司', 0, 0, 0, 1]
['阳江广物汽车城投资有限公司', 0, 1, 0, 1]
['齐齐哈尔市建华区实宇物资经销处', 0, 0, 0, 1]
['诺安控股集团有限公司', 0, 0, 1, 1]
['上海甬丰钢管有限公司第一分公司', 0, 0, 0, 1]
['南宁市永康之福生物科技有限公司', 0, 0, 0, 1]
['合肥尚谷房地产营销策划有限公司', 0, 0, 0, 1]
['义乌市欧雪针织服饰有限公司', 0, 0, 1, 1]
['北京油联万家投资管理中心（有限合伙）', 0, 0, 0, 1]
['东阿县同昌建筑工程有限公司', 0, 0, 0, 1]
['深圳市罗湖区川之菊保健用品店', 0, 0, 1, 1]
['深州市九鑫市政工程有限公司', 0, 0, 0, 1]
['南通盐顺建材有限公司', 0, 0, 1, 1]
['新昌县擎光电子科技有限公司', 0, 1, 0, 1]
['深圳易购云电子商务有限公司', 0, 0, 0, 1]
['黑龙江省建安建筑安装工程集团有限公司呼伦贝尔分公司', 0, 0, 1, 1]
['东莞市国汇五金制品有限公司', 0, 0, 1, 1]
['云浮市华山石材有限公司', 0, 0, 1, 1]
['佛山市顺德区龙江镇珉美石材厂', 0, 0, 1, 1]
['深圳市正气多科技有限公司', 0, 0, 1, 1]
['河北景思商贸有限公司', 0, 0, 0, 1]
['郑州慕玥瑄商贸有限公司', 0, 0, 0, 1]
['武汉友声广告有限公司', 0, 0, 0, 1]
['柳州市坤艮商贸有限公司', 0, 0, 0, 1]
['法库县鑫鸿顺源商贸中心', 0, 0, 0, 1]
['北京恩基网络技术有限公司', 0, 0, 1, 1]
['扬中市明弘电气经营部', 0, 0, 0, 1]
['美迪佳企业管理信息咨询（上海）有限公司', 0, 0, 1, 0]
['佛山市保田铝业有限公司', 1, 0, 0, 1]
['安顺新土地农业发展有限公司', 0, 0, 1, 1]
['玛纳斯县金万宝饰品商行', 0, 0, 0, 1]
['广州市永皆广告设计有限公司', 0, 0, 0, 1]
['岳阳力盛建筑工程有限公司', 0, 0, 0, 1]
['徐州百泰物资贸易有限公司', 0, 0, 1, 1]
['广州东润生物科技有限公司', 0, 0, 0, 0]
['沭阳县海江玻璃制品厂', 0, 0, 1, 1]
['昆山诺必达电子有限公司', 0, 0, 1, 1]
['宜宾喆谊茶业有限公司', 0, 0, 0, 1]
['曲阜市汇鸿商贸有限公司', 0, 0, 0, 1]
['四川诚建工程咨询有限责任公司遵义分公司', 0, 0, 0, 1]
['广西蒙萌家居有限公司', 0, 0, 0, 1]
['上海鑫斯达实业（香港）有限公司', 0, 0, 0, 0]
['灵寿县桥头熏蒸按摩馆', 0, 0, 1, 1]
['上海度阡实业有限公司', 0, 0, 0, 1]
['经济开发区优益佳弘汽车配件经销部', 0, 0, 1, 1]
['惠州大亚湾兴润建材有限公司', 0, 0, 0, 1]
['上海兆琦电子有限公司', 0, 0, 0, 1]
['广东鑫越建设工程有限公司', 0, 0, 1, 1]
['苏州红樱桃装饰工程有限公司', 0, 0, 1, 1]
['甘肃泰科生物科技有限公司', 0, 0, 1, 1]
['平山县绿雪养殖技术开发有限公司', 0, 0, 1, 1]
['临邑盛祥商贸有限公司', 0, 0, 0, 1]
['深圳市一号新食代实业有限公司', 0, 0, 0, 1]
['安徽省无为江峰线缆材料总厂', 0, 0, 0, 1]
['赵县禄鑫纸箱厂', 0, 0, 1, 1]
['上海佶信企业管理咨询有限公司', 0, 0, 1, 1]
['江都市星宇树脂厂', 0, 0, 1, 1]
['天津广济堂大药房有限公司', 0, 0, 0, 1]
['肇庆市高要区高桂酒厂有限公司', 0, 0, 0, 1]
['长沙绿地户外运动俱乐部有限公司', 0, 0, 0, 0]
['马鞍山市招商旅行社有限公司雨山营业部', 0, 0, 0, 1]
['成都市长合投资有限公司', 0, 0, 1, 1]
['佛山市伊诺洁具有限公司', 0, 0, 1, 1]
['厦门启梦星辰网络科技有限公司', 0, 0, 0, 1]
['重庆里博仪器有限公司', 1, 1, 1, 1]
['深圳市宝安区沙井宏翔工控配件经营部', 0, 0, 1, 1]
['繁昌县益达轴承标准件机电产品经营部', 0, 0, 0, 1]
['东源县顺天镇振朋商店', 0, 0, 1, 1]
['无锡市晟信达科技有限公司', 0, 0, 0, 1]
['上海焕发工艺品有限公司', 0, 0, 1, 1]
['杭州晨耕园艺有限公司', 0, 0, 0, 1]
['哈尔滨五八科技开发有限公司', 0, 0, 0, 1]
['丽江清心置业有限责任公司', 0, 0, 1, 1]
['杭州龙拳快递服务有限公司', 0, 0, 0, 1]
['深圳市川岛焊接制品有限公司', 0, 0, 0, 1]
['崇川区郭焱广告材料经营部', 0, 0, 1, 1]
['宜昌市巨力装饰工程有限责任公司', 0, 0, 1, 1]
['邯郸市厚博文化传播有限公司', 0, 0, 0, 1]
['海南冉龙物业管理有限公司', 0, 1, 0, 1]
['湖南亚格利工贸有限公司', 0, 0, 1, 1]
['东莞市富溢华毛织有限公司', 0, 0, 0, 1]
['海南安然信息科技有限公司', 0, 0, 0, 1]
['巴彦淖尔市鑫山福吉肉羊屠宰有限公司', 0, 0, 1, 1]
['曲阳县煜阳石材雕刻厂', 0, 0, 1, 1]
['山东恒基人力资源有限公司', 0, 0, 0, 1]
['荆州市万顺达畜禽养殖有限公司', 0, 0, 1, 1]
['仙居县名蓝农业开发有限公司', 1, 0, 0, 1]
['景德镇市鑫鑫物流有限公司', 0, 0, 0, 0]
['上海冠玺机械设备有限公司', 1, 1, 1, 1]
['濉溪县水利工程有限责任公司长丰分公司', 0, 0, 1, 1]
['哈尔滨毛毛锅烙有限公司', 0, 0, 0, 1]
['成都柏斯顿自控工程有限公司', 0, 0, 0, 1]
['四川天钧鼎实业有限公司', 0, 0, 0, 1]
['深圳市龙岗区绿灯侠网络工作室', 0, 0, 0, 1]
['上海杨玲国际贸易有限公司', 0, 0, 1, 1]
['天津华之辉商贸有限公司', 0, 0, 0, 1]
['紫金县城择吉日用杂品商店', 0, 0, 1, 1]
['天津市同盛房地产经纪有限责任公司', 0, 0, 1, 1]
['北京达恩行市场调查有限公司', 0, 0, 0, 1]
['盘锦市运输总公司第一运输公司', 0, 1, 1, 1]
['北京市广福养殖有限责任公司', 0, 0, 0, 1]
['深圳易坤达科技有限公司', 0, 0, 0, 1]
['岳西县文萃文化工作室', 0, 0, 1, 1]
['吴江康联化工有限公司', 0, 0, 0, 1]
['深圳市湘君科技发展有限公司', 0, 0, 0, 1]
['烟台市昌鹏物流有限公司', 0, 0, 0, 1]
['柏高资产管理（北京）有限公司', 0, 0, 0, 1]
['宁波市鄞州姜山创兴门窗店', 0, 0, 1, 1]
['广州粤徽阳广告有限公司', 0, 0, 0, 1]
['保定慧万兴汽车服务有限公司', 0, 0, 0, 1]
['南京影升文化传媒有限公司', 0, 0, 0, 1]
['西安博昶建筑工程有限公司第一分公司', 0, 0, 0, 1]
['宿州市埇桥区超链接网络会所', 0, 0, 0, 1]
['衡阳市雁东耐磨材料厂', 0, 0, 0, 1]
['深圳市久安科技有限公司', 0, 0, 0, 1]
['杭州走天下国际旅行社有限公司', 0, 1, 1, 1]
['常熟市倍佳塑料制品厂（普通合伙）', 0, 0, 0, 1]
['深圳金威啤酒包装有限公司', 0, 0, 0, 1]
['上海艾速商贸有限公司', 0, 0, 0, 1]
['南昌三钢实业有限公司', 0, 0, 1, 1]
['北京唯卿投资发展有限公司', 0, 0, 1, 1]
['郑州华森清洁服务有限公司', 0, 0, 1, 1]
['深圳市海福林热熔胶有限公司', 0, 0, 1, 1]
['江苏中川通大线路设备制造有限公司', 0, 1, 1, 1]
['克州创合商贸有限公司', 0, 0, 0, 1]
['宜兴市振超物资有限公司', 0, 0, 0, 1]
['金阳光生态农业有限公司', 0, 0, 0, 1]
['甘肃奥博电子信息技术公司医疗器械商行', 0, 0, 0, 1]
['鑫四海五金经营部', 0, 0, 1, 1]
['上海时维文化传播有限公司', 0, 0, 1, 1]
['靖江新太巾被有限公司北京分公司', 0, 0, 1, 1]
['惠州超霸贸易有限公司深圳分公司', 0, 0, 1, 1]
['镇平县德山市政服务有限公司', 0, 0, 0, 1]
['张家口玉山化工有限责任公司', 0, 0, 1, 1]
['武汉畅通永顺停车场建设管理有限公司', 0, 0, 0, 1]
['鄂州市万达汽车运输有限公司驾驶员培训学校', 0, 0, 1, 1]
['保定市国军机械租赁有限公司', 0, 0, 1, 1]
['兴化市华力机械有限公司', 0, 0, 0, 1]
['南通豪盛静电喷塑有限公司', 0, 0, 1, 1]
['长春市鼎新物业服务有限公司', 0, 0, 1, 1]
['无锡融禾贸易有限公司', 0, 0, 0, 1]
['上海举新投资合伙企业（有限合伙）', 0, 0, 0, 1]
['上海锦慕特贸易有限公司', 0, 0, 0, 1]
['海陵区好味来餐饮店', 0, 0, 1, 1]
['东方富佳（北京）物业管理有限公司', 0, 0, 1, 1]
['上海欧蕾蒂网络科技有限公司', 0, 0, 0, 1]
['北京云花五子影视文化有限公司', 0, 0, 0, 1]
['贵州北生所生物制品有限公司', 0, 0, 1, 1]
['临江市品关东农业有限公司', 0, 0, 0, 1]
['甘肃宝利盛林农林开发有限公司', 0, 0, 0, 0]
['上海翊藤投资管理合伙企业（有限合伙）', 0, 0, 0, 1]
['岳阳市云溪区农村信用合作联社竹咀头储蓄所', 0, 0, 1, 1]
['广西汇峰投资管理有限公司', 0, 0, 0, 1]
['成都红光家具厂经营部', 0, 0, 0, 1]
['惠州市惠阳区新圩咏明吸塑包装制品厂', 0, 0, 0, 1]
['台山市万福达投资有限公司', 0, 0, 1, 1]
['惠东县合申房地产开发有限公司', 0, 0, 0, 1]
['河北镁神科技股份有限公司', 1, 1, 1, 1]
['安徽省颖上县粮油贸易公司驻长春市粮油经营部', 0, 0, 0, 1]
['厦门市集美区日农家庭农场', 0, 0, 1, 1]
['义乌市君霞纸制品厂', 0, 0, 1, 1]
['北京越赢科技有限公司', 0, 0, 0, 1]
['石家庄好运日化有限公司', 0, 0, 1, 1]
['丽水市丽威自动化配件有限公司', 0, 0, 1, 1]
['北京洪飞腾达旅游信息咨询有限公司', 0, 0, 0, 1]
['成都优力克自动控制有限公司', 0, 1, 1, 1]
['上海科海电子有限责任公司电脑应用分公司', 0, 0, 0, 0]
['合肥艺穹贸易有限责任公司', 0, 0, 0, 1]
['西安凡杰电子技术有限公司', 0, 1, 1, 1]
['北京美新万里科技有限公司', 1, 1, 1, 1]
['福州永清贸易有限公司', 0, 0, 1, 1]
['世鳌国际商务（北京）有限公司成都分公司', 1, 1, 1, 1]
['天津晋碗面餐饮服务有限公司', 0, 0, 1, 1]
['昆明官房酒业有限公司三门市', 0, 0, 0, 1]
['长沙速茂物流有限公司', 0, 0, 1, 1]
['中国电信集团黄页信息有限公司河北省分公司', 0, 1, 1, 1]
['常州凯亚制冷设备有限公司', 0, 0, 1, 1]
['大连志联科技有限公司', 0, 0, 0, 1]
['香港利恩发展有限公司', 0, 0, 0, 1]
['深圳市黛妮美贸易有限公司', 0, 0, 0, 1]
['靖江市鸿叶鞋帽制造有限公司', 0, 0, 1, 1]
['西安拓晟贸易有限公司', 0, 0, 0, 1]
['浙江江铃汽车销售服务有限公司萧山分公司', 0, 0, 1, 1]
['泗阳县公路工程总公司第二分公司', 0, 0, 1, 1]
['南宁市恒盛生态农业有限公司', 0, 0, 0, 1]
['石家庄市宇宁罐车租赁有限公司', 0, 0, 0, 1]
['昆明创园房地产经纪有限公司人民中路分公司', 0, 0, 0, 1]
['武汉龙欣月广告有限公司', 0, 0, 0, 1]
['阳春市宏利贸易发展有限公司', 0, 1, 1, 1]
['长沙煊稚化妆品有限公司', 0, 0, 0, 1]
['上海千秋万代图书文化有限责任公司', 0, 0, 1, 1]
['漳州市永鑫汽车贸易有限公司', 0, 0, 0, 0]
['中山市三乡镇钜仁建材店', 0, 0, 1, 1]
['北京天和左左木商贸有限公司', 0, 0, 0, 1]
['北京大摩瑞淇投资发展有限公司', 0, 0, 1, 1]
['迁安市上庄乡月琴烟花爆竹零售点', 0, 0, 0, 1]
['太原市小店区北科金舰复印纸厂', 0, 0, 1, 1]
['武汉市乐之然商贸有限公司', 0, 0, 0, 1]
['温州市消防工程公司乐清工程处', 0, 0, 1, 1]
['贵州众诚天一环保科技有限公司', 0, 1, 1, 1]
['杭州创酷新材料有限公司', 0, 0, 0, 1]
['阳谷县狮子楼办事处育才街贵和广告部', 0, 0, 1, 0]
['大连金岳房地产开发有限公司', 0, 0, 1, 1]
['大连祥阳模具标准件有限公司', 0, 0, 1, 1]
['上海范迪展览服务有限公司', 0, 0, 0, 1]
['上海正杰计算机科技有限公司', 0, 0, 1, 1]
['单县天昆地产有限公司', 0, 0, 0, 1]
['江西春华金秋实业有限公司', 0, 0, 0, 1]
['凌源市尚秀制衣有限公司', 0, 0, 0, 1]
['北京迦南长友电子工程技术有限公司', 0, 0, 0, 0]
['唐山市丰润区滦顺商贸有限公司', 0, 0, 0, 1]
['武汉三江航天商贸有限责任公司宜昌分公司', 0, 0, 0, 1]
['武汉中百工贸电器有限公司蔡甸家电专业商场', 0, 0, 1, 1]
['成都天翔工业产品设计有限公司', 0, 0, 0, 1]
['上海凉泉机电物资有限公司', 0, 0, 0, 1]
['海盐县武原欣佳洗衣房', 0, 0, 1, 1]
['天津川讯机械销售有限公司', 0, 0, 0, 1]
['上海阜兴再生资源回收公司', 0, 0, 0, 1]
['无锡市大浮铸件厂', 0, 0, 0, 1]
['上海招辉石业有限公司', 0, 0, 1, 1]
['广西合山和煦医药有限责任公司友和古城大药房溯河分店', 0, 0, 0, 1]
['内蒙古羊启餐饮管理有限公司', 0, 0, 0, 1]
['深圳市皇家科赫科技有限公司', 0, 0, 0, 1]
['兰州龙飞汽车租赁有限责任公司永登分公司', 0, 0, 1, 1]
['滁州友林科技发展有限公司', 0, 1, 1, 1]
['五大连池市盛泰电力安装有限责任公司', 0, 0, 1, 1]
['义乌市闽双蜡烛厂', 0, 0, 1, 1]
['中国联通有限公司永胜分公司仁和营业厅', 0, 0, 0, 1]
['深圳非诚勿烤科技有限公司', 0, 0, 1, 1]
['三门峡宜农农资销售有限公司', 0, 0, 0, 1]
['温州博宇建筑材料有限公司', 0, 1, 1, 1]
['湖北黄梅宜家物业服务有限公司', 0, 0, 1, 1]
['苏州和厚纺织染整技术有限责任公司', 0, 0, 1, 1]
['山西协东实业有限公司', 0, 0, 0, 1]
['南京云嗨车汽车贸易有限公司', 0, 0, 0, 1]
['东莞市凯旭机电设备有限公司', 1, 1, 0, 1]
['上海海韵酒店用品有限公司', 0, 0, 1, 1]
['汉院企业管理咨询（上海）有限公司', 1, 0, 0, 1]
['深圳蜂投互联网金融服务有限公司', 0, 1, 1, 1]
['扬中市常武机电有限公司', 0, 0, 0, 1]
['武宣县武宣镇联华超市', 0, 0, 1, 1]
['文水县景德城乡建筑有限公司', 0, 0, 1, 1]
['安徽省全椒县建筑工程公司', 0, 0, 0, 1]
['北京峰景源芝生物技术研究院有限公司', 0, 0, 1, 1]
['天津瀚晟船务代理有限公司', 0, 0, 0, 0]
['内蒙古生泰森草业有限公司', 0, 0, 0, 1]
['商水县顺成工艺礼品厂', 0, 0, 0, 1]
['杭州亦凝网络科技有限公司', 0, 1, 0, 1]
['蓟县伊鲜双汇鲜肉店', 0, 0, 1, 1]
['上海比瑞淼文化传播有限公司', 0, 0, 0, 1]
['广西财富时代文化传播有限公司', 0, 0, 0, 1]
['瓦房店市闫店乡鸿泉太阳能水暖洁具商店', 0, 0, 0, 1]
['北京信联商贸有限责任公司', 0, 0, 0, 1]
['荥阳百信果蔬专业合作社', 0, 0, 0, 1]
['上海浦东新区高东镇科维服装厂', 0, 0, 0, 1]
['无锡吉衡建筑装饰设计有限公司', 0, 0, 0, 0]
['四川省智融投资管理有限公司新繁分公司', 0, 0, 0, 1]
['河源市源城区善济堂按摩店', 0, 0, 1, 1]
['威海市永泰眼镜有限公司二分公司', 0, 0, 0, 1]
['上海祁惠房地产营销策划有限公司', 0, 0, 0, 1]
['汕头市金园区金明包装装璜厂', 0, 0, 1, 1]
['黄石晶凯商贸有限公司', 0, 0, 0, 1]
['上海存宇包装有限公司', 0, 0, 1, 1]
['青岛海生肿瘤医院', 0, 1, 1, 1]
['五河县晶鑫纺织有限公司', 0, 0, 0, 1]
['天津市大华立方企业管理咨询有限公司', 0, 0, 0, 1]
['博爱县恒合煤炭有限公司', 0, 0, 0, 1]
['成都蜚拂莱科技发展有限公司', 0, 0, 1, 1]
['长葛市奥瑞蜂业有限公司', 0, 0, 0, 0]
['四川华仑时代商贸有限公司', 0, 0, 0, 1]
['大同市城区宝龙俱乐部', 0, 0, 0, 1]
['上海腾克商贸有限公司', 0, 0, 1, 1]
['张家口薯强农业发展有限公司', 0, 0, 0, 1]
['福州日洋货运服务有限公司', 0, 0, 1, 1]
['大连广益金服科技有限公司金普新区分公司', 0, 0, 0, 1]
['蚌埠市中市区审计师事务所', 0, 0, 1, 1]
['深圳市黑阳电子有限公司', 0, 0, 0, 1]
['义乌市创嘉进出口有限公司', 0, 0, 1, 1]
['武义大成设备安装工程队', 0, 0, 1, 1]
['北京图语国际文化传媒有限公司', 0, 0, 1, 1]
['建德市汇龙金属物资回收有限公司寿昌分公司', 0, 0, 1, 1]
['青岛硕丰裕腾商贸有限公司', 0, 0, 0, 1]
['深圳市玉翠园物业管理有限公司', 0, 0, 0, 1]
['哈尔滨市道外区秀芬鱼场', 0, 0, 0, 1]
['南宫市华盈蔬菜种植专业合作社', 0, 0, 0, 1]
['三亚冠荣置业有限公司', 0, 0, 0, 1]
['大丰市宝冶钢铁有限公司', 0, 0, 0, 0]
['福州市玉祥汽车用品有限公司', 0, 0, 1, 1]
['永康市金马工贸有限公司', 0, 0, 1, 1]
['成都联信汇川投资管理中心（有限合伙）', 0, 0, 0, 1]
['厦门链家宝业房地产经纪有限公司第三分店', 0, 1, 0, 1]
['北京巨诚家具有限公司', 1, 1, 1, 1]
['濮阳市卯匠家居设计有限公司', 0, 0, 1, 1]
['中山市顺和餐饮服务有限公司', 0, 0, 0, 1]
['四川简洲教学设备有限公司', 0, 0, 0, 1]
['淮南市申通快递服务有限公司洛河开发区营业部', 0, 0, 0, 1]
['固安县垂钓手渔具厂', 0, 0, 1, 1]
['北京全民康科技发展有限公司西红门分店', 0, 1, 0, 1]
['赣州合纵建设工程有限公司', 0, 0, 0, 0]
['上海南戎投资管理有限公司', 0, 1, 0, 1]
['宝鸡家和钛业有限公司', 0, 0, 1, 1]
['相城区黄桥新旺五金制品厂', 0, 0, 0, 1]
['山东衡巽工程有限公司', 0, 0, 0, 1]
['甘肃德利汽车零部件有限公司', 0, 0, 0, 1]
['云南朗瀚装饰工程有限公司', 0, 0, 0, 1]
['深圳市鸿天乐机电有限公司', 0, 0, 0, 1]
['山东博鸿电气股份有限公司', 1, 1, 0, 1]
['上海捷文投资咨询有限公司', 0, 0, 0, 1]
['西安天星塔钟工程有限公司', 0, 1, 1, 1]
['三明市江河物资供应有限公司', 0, 0, 1, 1]
['南京昀畅路桥工程有限公司', 0, 0, 0, 1]
